279
15
204
97
198
31
6
88
304
268
299
223
80
34
179
234
264
286
96
209
298
17
186
315
299
121
16
186
314
219
128
169
178
82
34
266
164
263
85
11
139
231
283
77
95
282
143
210
169
148
198
128
188
34
178
32
233
304
61
19
9
201
277
276
136
6
172
91
305
38
90
21
219
231
282
222
77
275
170
141
137
238
26
210
165
9
162
271
205
213
17
148
209
12
34
35
162
85
67
34
158
69
131
56
172
281
131
184
212
174
226
319
215
107
110
137
48
249
164
231
261
237
188
218
231
262
206
280
103
205
319
41
161
295
298
216
39
154
56
37
94
173
46
106
195
191
163
323
106
183
81
132
17
105
94
288
65
52
118
105
309
242
319
25
92
285
144
220
233
241
210
185
135
321
305
297
142
325
246
188
194
100
198
87
191
322
265
152
272
316
70
320
109
251
95
42
315
12
126
81
229
27
246
162
278
234
180
24
44
116
281
91
179
71
70
172
219
165
74
48
200
262
94
25
203
169
319
92
32
63
11
14
75
326
298
224
103
279
1
109
98
289
266
59
246
110
143
106
311
68
245
82
102
77
59
286
123
314
35
229
77
225
149
66
202
154
215
14
199
197
205
216
16
7
121
74
77
199
321
84
105
273
148
247
101
23
147
81
24
181
73
326
213
5
191
190
218
184
71
47
95
8
314
126
217
230
30
319
244
76
243
32
181
147
249
100
80
113
248
73
101
316
182
15
213
312
283
75
202
171
188
319
281
208
149
173
301
50
209
173
141
229
311
121
301
215
200
231
145
107
136
200
303
17
235
57
131
131
246
128
70
256
155
227
20
302
263
105
91
227
263
188
293
186
265
166
276
216
286
242
53
39
324
22
287
72
89
204
78
36
133
50
167
235
154
56
98
105
45
180
121
292
191
116
141
108
192
48
262
88
100
161
223
222
282
244
59
119
18
248
18
55
318
110
213
151
249
265
155
96
182
81
224
34
182
235
79
107
270
194
76
192
57
294
310
3
151
267
169
38
12
115
259
42
323
278
201
217
82
34
91
77
225
108
24
176
199
4
48
111
171
223
123
282
211
168
33
20
242
272
217
136
158
121
173
95
166
71
207
126
169
68
27
287
281
245
46
85
161
110
101
194
109
143
80
174
285
267
286
152
90
259
307
30
153
144
183
291
211
142
135
91
163
212
159
284
27
302
272
159
173
293
181
17
193
138
193
322
235
5
280
97
147
106
315
194
297
215
34
123
132
132
60
308
70
294
230
272
287
242
60
256
68
206
111
79
82
128
319
105
266
110
218
7
204
203
288
279
225
173
220
158
145
230
212
105
124
137
162
36
240
49
175
26
309
309
105
88
70
291
236
119
145
282
185
167
70
167
308
168
72
295
206
51
195
82
264
14
50
311
4
266
162
61
47
301
200
208
56
223
84
249
69
52
1
131
122
143
217
47
7
110
287
124
174
189
3
262
13
225
286
128
263
310
266
287
287
314
196
257
312
273
304
12
224
313
163
209
14
31
7
92
167
234
324
22
60
60
320
148
268
104
